cam		7.5		4.5		9		0		0		0		0		1		0		1.4		1
set		0.18		0.08		0.22		3		3

mtl		0.9	0.25	0.6	0.75	0.25	0.6	0.9	0.4	0.7	120	0
mtl		0.25	0.85	0.95	0.35	0.9	0.9	0.5	0.6	0.9	90	0.5
mtl		0.6	1.0	0.25	0.65	0.85	0.45	0.45	0.6	0.35	70	0
mtl		0.95	0.55	0.15	0.8	0.55	0.25	0.7	0.45	0.15	110	0
mtl		0.85	0.25	0.75	0.65	0.3	0.8	0.5	0.35	0.65	90	0.4
mtl		0.25	0.2	0.35	0.6	0.45	0.7	0.75	0.6	0.9	120	0

pln		0	1	0	-2	6
sph		0	1	0	2.6	2
sph		-3.8	0.6	2.5	1.6	1
sph		4.5	-0.3	-2	1.9	4
box		-4.5	1.8	-3	1.0	3
box		2.8	0	4.5	0.7	5

lgt		9	7	6	0.7	0.9	1.0	1.0	0.7	0.8
lgt		-7	5	4	0.8	0.3	0.8	0.7	0.6	0.6
lgt		0	10	-2	0.4	0.9	0.3	0.5	0.5	0.4
lgt		5	3	7	0.8	0.45	0.15	0.6	0.6	0.5
