cam		0	5	12	0	0	0	0	1	0	1.5	1

set		0.1	0.05	0.15	1	2

# --- MATERIALS ---

mtl		0.15	0.05	0.20	0.25	0.15	0.30	0.20	0.10	0.25	30	0

mtl		0.75	0.75	0.75	0.90	0.90	0.90	0.85	0.85	0.85	180	0

mtl		0.60	0.62	0.65	0.75	0.77	0.80	0.70	0.72	0.75	140	0

mtl		0.40	0.42	0.45	0.60	0.62	0.65	0.55	0.57	0.60	120	0

# --- OBJECTS ---

pln		0	1	0	-2	1

sph		0	0	0	2.0	2

sph		5	0	0	1.2	3

sph		3.54	0	-3.54	1.2	4

sph		0	0	-5	1.2	2

sph		-3.54	0	-3.54	1.2	3

sph		-5	0	0	1.2	4

sph		-3.54	0	3.54	1.2	2

sph		0	0	5	1.2	3

sph		3.54	0	3.54	1.2	4


sph		8	0.5	0	1.5	2

sph		0	0.5	-8	1.5	3

sph		-8	0.5	0	1.5	4

sph		0	0.5	8	1.5	2

# --- LIGHTS ---
lgt		-8	10	8	1.0	1.0	1.0	1.0	0.8	0.8

lgt		8	8	8	0.8	0.8	0.8	0.7	0.7	0.7

lgt		0	6	-10	0.6	0.6	0.6	0.5	0.5	0.5